   1023.0          9.807
   10.00000        0.0000    
    1 
           4         80
           0          1
    1      1.0       1.0   0.0 
           
           
           1          80
    1    0.32213E+00    0.51610E-01    0.24636E-05
    2    0.33323E+00    0.78250E-01    0.16010E+00
    3    0.34433E+00    0.11017E+00    0.22149E+01
    4    0.35543E+00    0.14599E+00    0.41903E+01
    5    0.36653E+00    0.18410E+00    0.60511E+01
    6    0.37763E+00    0.22286E+00    0.52671E+01
    7    0.38873E+00    0.26094E+00    0.21071E+01
    8    0.39983E+00    0.29752E+00    0.57512E+01
    9    0.41093E+00    0.33263E+00    0.50006E+01
   10    0.42203E+00    0.36746E+00    0.52320E+01
   11    0.43313E+00    0.40465E+00    0.21680E+01
   12    0.44423E+00    0.44818E+00    0.54738E+01
   13    0.45533E+00    0.50263E+00    0.56497E+00
   14    0.46643E+00    0.57121E+00    0.55813E+01
   15    0.47753E+00    0.65227E+00    0.44044E+01
   16    0.48863E+00    0.73530E+00    0.46153E+01
   17    0.49973E+00    0.80018E+00    0.18861E+01
   18    0.51083E+00    0.82501E+00    0.31239E+00
   19    0.52193E+00    0.80917E+00    0.57063E+01
   20    0.53303E+00    0.76598E+00    0.61361E+00
   21    0.54413E+00    0.70578E+00    0.25330E+00
   22    0.55523E+00    0.64017E+00    0.53423E+00
   23    0.56633E+00    0.57821E+00    0.35112E+01
   24    0.57743E+00    0.52495E+00    0.58211E+01
   25    0.58853E+00    0.48195E+00    0.47527E+00
   26    0.59963E+00    0.44854E+00    0.57289E+01
   27    0.61073E+00    0.42297E+00    0.57694E+00
   28    0.62183E+00    0.40326E+00    0.40072E+01
   29    0.63293E+00    0.38761E+00    0.53551E+01
   30    0.64403E+00    0.37457E+00    0.76075E+00
   31    0.65513E+00    0.36312E+00    0.62491E+01
   32    0.66623E+00    0.35262E+00    0.48899E+01
   33    0.67733E+00    0.34267E+00    0.12356E+00
   34    0.68843E+00    0.33307E+00    0.10673E+01
   35    0.69953E+00    0.32373E+00    0.62502E+01
   36    0.71063E+00    0.31460E+00    0.47356E+01
   37    0.72173E+00    0.30569E+00    0.13696E+01
   38    0.73283E+00    0.29699E+00    0.41425E+01
   39    0.74393E+00    0.28851E+00    0.33868E+01
   40    0.75503E+00    0.28025E+00    0.30163E+01
   41    0.76613E+00    0.27222E+00    0.52730E+01
   42    0.77723E+00    0.26443E+00    0.15972E+00
   43    0.78833E+00    0.25686E+00    0.62165E+01
   44    0.79943E+00    0.24953E+00    0.36805E+01
   45    0.81053E+00    0.24243E+00    0.48196E+01
   46    0.82163E+00    0.23555E+00    0.27949E+01
   47    0.83273E+00    0.22889E+00    0.44580E+01
   48    0.84383E+00    0.22245E+00    0.49922E+01
   49    0.85493E+00    0.21622E+00    0.27564E+01
   50    0.86603E+00    0.21020E+00    0.13116E+01
   51    0.87713E+00    0.20438E+00    0.45937E+01
   52    0.88823E+00    0.19876E+00    0.41829E+01
   53    0.89933E+00    0.19332E+00    0.45369E+01
   54    0.91043E+00    0.18807E+00    0.13287E+01
   55    0.92153E+00    0.18299E+00    0.19368E+01
   56    0.93263E+00    0.17808E+00    0.16524E+01
   57    0.94373E+00    0.17334E+00    0.47268E+01
   58    0.95483E+00    0.16876E+00    0.34545E+01
   59    0.96593E+00    0.16434E+00    0.40007E+01
   60    0.97703E+00    0.16006E+00    0.39648E+01
   61    0.98813E+00    0.15592E+00    0.31088E+01
   62    0.99923E+00    0.15192E+00    0.29575E+01
   63    0.10103E+01    0.14806E+00    0.76978E+00
   64    0.10214E+01    0.14432E+00    0.33609E+01
   65    0.10325E+01    0.14070E+00    0.12199E+01
   66    0.10436E+01    0.13721E+00    0.60815E+01
   67    0.10547E+01    0.13383E+00    0.37022E+01
   68    0.10658E+01    0.13055E+00    0.11073E+00
   69    0.10769E+01    0.12738E+00    0.19751E+01
   70    0.10880E+01    0.12432E+00    0.34765E+01
   71    0.10991E+01    0.12135E+00    0.42492E+01
   72    0.11102E+01    0.11848E+00    0.10608E+00
   73    0.11213E+01    0.11569E+00    0.16692E+01
   74    0.11324E+01    0.11300E+00    0.28958E+01
   75    0.11435E+01    0.11038E+00    0.52619E+01
   76    0.11546E+01    0.10785E+00    0.14386E+01
   77    0.11657E+01    0.10540E+00    0.39177E+01
   78    0.11768E+01    0.10302E+00    0.28561E+00
   79    0.11879E+01    0.10071E+00    0.32875E+01
   80    0.11990E+01    0.98471E-01    0.50874E+01
