100  341  
1       8
-0.500000     -0.500000     -0.500000     -0.450000     -0.400000     -0.400000     -0.400000     -0.450000     
0.000000      0.050000      0.100000      0.100000      0.100000      0.050000      0.000000      0.000000      
2       8
-0.500000     -0.500000     -0.500000     -0.450000     -0.400000     -0.400000     -0.400000     -0.450000     
0.100000      0.150000      0.200000      0.200000      0.200000      0.150000      0.100000      0.100000      
3       8
-0.500000     -0.500000     -0.500000     -0.450000     -0.400000     -0.400000     -0.400000     -0.450000     
0.200000      0.250000      0.300000      0.300000      0.300000      0.250000      0.200000      0.200000      
4       8
-0.500000     -0.500000     -0.500000     -0.450000     -0.400000     -0.400000     -0.400000     -0.450000     
0.300000      0.350000      0.400000      0.400000      0.400000      0.350000      0.300000      0.300000      
5       8
-0.500000     -0.500000     -0.500000     -0.450000     -0.400000     -0.400000     -0.400000     -0.450000     
0.400000      0.450000      0.500000      0.500000      0.500000      0.450000      0.400000      0.400000      
6       8
-0.400000     -0.400000     -0.400000     -0.350000     -0.300000     -0.300000     -0.300000     -0.350000     
0.000000      0.050000      0.100000      0.100000      0.100000      0.050000      0.000000      0.000000      
7       8
-0.400000     -0.400000     -0.400000     -0.350000     -0.300000     -0.300000     -0.300000     -0.350000     
0.100000      0.150000      0.200000      0.200000      0.200000      0.150000      0.100000      0.100000      
8       8
-0.400000     -0.400000     -0.400000     -0.350000     -0.300000     -0.300000     -0.300000     -0.350000     
0.200000      0.250000      0.300000      0.300000      0.300000      0.250000      0.200000      0.200000      
9       8
-0.400000     -0.400000     -0.400000     -0.350000     -0.300000     -0.300000     -0.300000     -0.350000     
0.300000      0.350000      0.400000      0.400000      0.400000      0.350000      0.300000      0.300000      
10      8
-0.400000     -0.400000     -0.400000     -0.350000     -0.300000     -0.300000     -0.300000     -0.350000     
0.400000      0.450000      0.500000      0.500000      0.500000      0.450000      0.400000      0.400000      
11      8
-0.300000     -0.300000     -0.300000     -0.250000     -0.200000     -0.200000     -0.200000     -0.250000     
0.000000      0.050000      0.100000      0.100000      0.100000      0.050000      0.000000      0.000000      
12      8
-0.300000     -0.300000     -0.300000     -0.250000     -0.200000     -0.200000     -0.200000     -0.250000     
0.100000      0.150000      0.200000      0.200000      0.200000      0.150000      0.100000      0.100000      
13      8
-0.300000     -0.300000     -0.300000     -0.250000     -0.200000     -0.200000     -0.200000     -0.250000     
0.200000      0.250000      0.300000      0.300000      0.300000      0.250000      0.200000      0.200000      
14      8
-0.300000     -0.300000     -0.300000     -0.250000     -0.200000     -0.200000     -0.200000     -0.250000     
0.300000      0.350000      0.400000      0.400000      0.400000      0.350000      0.300000      0.300000      
15      8
-0.300000     -0.300000     -0.300000     -0.250000     -0.200000     -0.200000     -0.200000     -0.250000     
0.400000      0.450000      0.500000      0.500000      0.500000      0.450000      0.400000      0.400000      
16      8
-0.200000     -0.200000     -0.200000     -0.150000     -0.100000     -0.100000     -0.100000     -0.150000     
0.000000      0.050000      0.100000      0.100000      0.100000      0.050000      0.000000      0.000000      
17      8
-0.200000     -0.200000     -0.200000     -0.150000     -0.100000     -0.100000     -0.100000     -0.150000     
0.100000      0.150000      0.200000      0.200000      0.200000      0.150000      0.100000      0.100000      
18      8
-0.200000     -0.200000     -0.200000     -0.150000     -0.100000     -0.100000     -0.100000     -0.150000     
0.200000      0.250000      0.300000      0.300000      0.300000      0.250000      0.200000      0.200000      
19      8
-0.200000     -0.200000     -0.200000     -0.150000     -0.100000     -0.100000     -0.100000     -0.150000     
0.300000      0.350000      0.400000      0.400000      0.400000      0.350000      0.300000      0.300000      
20      8
-0.200000     -0.200000     -0.200000     -0.150000     -0.100000     -0.100000     -0.100000     -0.150000     
0.400000      0.450000      0.500000      0.500000      0.500000      0.450000      0.400000      0.400000      
21      8
-0.100000     -0.100000     -0.100000     -0.050000     0.000000      0.000000      0.000000      -0.050000     
0.000000      0.050000      0.100000      0.100000      0.100000      0.050000      0.000000      0.000000      
22      8
-0.100000     -0.100000     -0.100000     -0.050000     0.000000      0.000000      0.000000      -0.050000     
0.100000      0.150000      0.200000      0.200000      0.200000      0.150000      0.100000      0.100000      
23      8
-0.100000     -0.100000     -0.100000     -0.050000     -0.000000     0.000000      0.000000      -0.050000     
0.200000      0.250000      0.300000      0.300000      0.300000      0.250000      0.200000      0.200000      
24      8
-0.100000     -0.100000     -0.100000     -0.050000     0.000000      -0.000000     -0.000000     -0.050000     
0.300000      0.350000      0.400000      0.400000      0.400000      0.350000      0.300000      0.300000      
25      8
-0.100000     -0.100000     -0.100000     -0.050000     0.000000      0.000000      0.000000      -0.050000     
0.400000      0.450000      0.500000      0.500000      0.500000      0.450000      0.400000      0.400000      
26      8
-0.500000     -0.500000     -0.500000     -0.450000     -0.400000     -0.400000     -0.400000     -0.450000     
-0.100000     -0.050000     0.000000      0.000000      0.000000      -0.050000     -0.100000     -0.100000     
27      8
-0.500000     -0.500000     -0.500000     -0.450000     -0.400000     -0.400000     -0.400000     -0.450000     
-0.200000     -0.150000     -0.100000     -0.100000     -0.100000     -0.150000     -0.200000     -0.200000     
28      8
-0.500000     -0.500000     -0.500000     -0.450000     -0.400000     -0.400000     -0.400000     -0.450000     
-0.300000     -0.250000     -0.200000     -0.200000     -0.200000     -0.250000     -0.300000     -0.300000     
29      8
-0.500000     -0.500000     -0.500000     -0.450000     -0.400000     -0.400000     -0.400000     -0.450000     
-0.400000     -0.350000     -0.300000     -0.300000     -0.300000     -0.350000     -0.400000     -0.400000     
30      8
-0.500000     -0.500000     -0.500000     -0.450000     -0.400000     -0.400000     -0.400000     -0.450000     
-0.500000     -0.450000     -0.400000     -0.400000     -0.400000     -0.450000     -0.500000     -0.500000     
31      8
-0.400000     -0.400000     -0.400000     -0.350000     -0.300000     -0.300000     -0.300000     -0.350000     
-0.100000     -0.050000     0.000000      0.000000      0.000000      -0.050000     -0.100000     -0.100000     
32      8
-0.400000     -0.400000     -0.400000     -0.350000     -0.300000     -0.300000     -0.300000     -0.350000     
-0.200000     -0.150000     -0.100000     -0.100000     -0.100000     -0.150000     -0.200000     -0.200000     
33      8
-0.400000     -0.400000     -0.400000     -0.350000     -0.300000     -0.300000     -0.300000     -0.350000     
-0.300000     -0.250000     -0.200000     -0.200000     -0.200000     -0.250000     -0.300000     -0.300000     
34      8
-0.400000     -0.400000     -0.400000     -0.350000     -0.300000     -0.300000     -0.300000     -0.350000     
-0.400000     -0.350000     -0.300000     -0.300000     -0.300000     -0.350000     -0.400000     -0.400000     
35      8
-0.400000     -0.400000     -0.400000     -0.350000     -0.300000     -0.300000     -0.300000     -0.350000     
-0.500000     -0.450000     -0.400000     -0.400000     -0.400000     -0.450000     -0.500000     -0.500000     
36      8
-0.300000     -0.300000     -0.300000     -0.250000     -0.200000     -0.200000     -0.200000     -0.250000     
-0.100000     -0.050000     0.000000      0.000000      0.000000      -0.050000     -0.100000     -0.100000     
37      8
-0.300000     -0.300000     -0.300000     -0.250000     -0.200000     -0.200000     -0.200000     -0.250000     
-0.200000     -0.150000     -0.100000     -0.100000     -0.100000     -0.150000     -0.200000     -0.200000     
38      8
-0.300000     -0.300000     -0.300000     -0.250000     -0.200000     -0.200000     -0.200000     -0.250000     
-0.300000     -0.250000     -0.200000     -0.200000     -0.200000     -0.250000     -0.300000     -0.300000     
39      8
-0.300000     -0.300000     -0.300000     -0.250000     -0.200000     -0.200000     -0.200000     -0.250000     
-0.400000     -0.350000     -0.300000     -0.300000     -0.300000     -0.350000     -0.400000     -0.400000     
40      8
-0.300000     -0.300000     -0.300000     -0.250000     -0.200000     -0.200000     -0.200000     -0.250000     
-0.500000     -0.450000     -0.400000     -0.400000     -0.400000     -0.450000     -0.500000     -0.500000     
41      8
-0.200000     -0.200000     -0.200000     -0.150000     -0.100000     -0.100000     -0.100000     -0.150000     
-0.100000     -0.050000     0.000000      0.000000      0.000000      -0.050000     -0.100000     -0.100000     
42      8
-0.200000     -0.200000     -0.200000     -0.150000     -0.100000     -0.100000     -0.100000     -0.150000     
-0.200000     -0.150000     -0.100000     -0.100000     -0.100000     -0.150000     -0.200000     -0.200000     
43      8
-0.200000     -0.200000     -0.200000     -0.150000     -0.100000     -0.100000     -0.100000     -0.150000     
-0.300000     -0.250000     -0.200000     -0.200000     -0.200000     -0.250000     -0.300000     -0.300000     
44      8
-0.200000     -0.200000     -0.200000     -0.150000     -0.100000     -0.100000     -0.100000     -0.150000     
-0.400000     -0.350000     -0.300000     -0.300000     -0.300000     -0.350000     -0.400000     -0.400000     
45      8
-0.200000     -0.200000     -0.200000     -0.150000     -0.100000     -0.100000     -0.100000     -0.150000     
-0.500000     -0.450000     -0.400000     -0.400000     -0.400000     -0.450000     -0.500000     -0.500000     
46      8
-0.100000     -0.100000     -0.100000     -0.050000     0.000000      0.000000      0.000000      -0.050000     
-0.100000     -0.050000     0.000000      0.000000      0.000000      -0.050000     -0.100000     -0.100000     
47      8
-0.100000     -0.100000     -0.100000     -0.050000     0.000000      0.000000      0.000000      -0.050000     
-0.200000     -0.150000     -0.100000     -0.100000     -0.100000     -0.150000     -0.200000     -0.200000     
48      8
-0.100000     -0.100000     -0.100000     -0.050000     0.000000      0.000000      -0.000000     -0.050000     
-0.300000     -0.250000     -0.200000     -0.200000     -0.200000     -0.250000     -0.300000     -0.300000     
49      8
-0.100000     -0.100000     -0.100000     -0.050000     -0.000000     -0.000000     0.000000      -0.050000     
-0.400000     -0.350000     -0.300000     -0.300000     -0.300000     -0.350000     -0.400000     -0.400000     
50      8
-0.100000     -0.100000     -0.100000     -0.050000     0.000000      0.000000      0.000000      -0.050000     
-0.500000     -0.450000     -0.400000     -0.400000     -0.400000     -0.450000     -0.500000     -0.500000     
51      8
0.500000      0.500000      0.500000      0.450000      0.400000      0.400000      0.400000      0.450000      
0.100000      0.050000      0.000000      0.000000      0.000000      0.050000      0.100000      0.100000      
52      8
0.500000      0.500000      0.500000      0.450000      0.400000      0.400000      0.400000      0.450000      
0.200000      0.150000      0.100000      0.100000      0.100000      0.150000      0.200000      0.200000      
53      8
0.500000      0.500000      0.500000      0.450000      0.400000      0.400000      0.400000      0.450000      
0.300000      0.250000      0.200000      0.200000      0.200000      0.250000      0.300000      0.300000      
54      8
0.500000      0.500000      0.500000      0.450000      0.400000      0.400000      0.400000      0.450000      
0.400000      0.350000      0.300000      0.300000      0.300000      0.350000      0.400000      0.400000      
55      8
0.500000      0.500000      0.500000      0.450000      0.400000      0.400000      0.400000      0.450000      
0.500000      0.450000      0.400000      0.400000      0.400000      0.450000      0.500000      0.500000      
56      8
0.400000      0.400000      0.400000      0.350000      0.300000      0.300000      0.300000      0.350000      
0.100000      0.050000      0.000000      0.000000      0.000000      0.050000      0.100000      0.100000      
57      8
0.400000      0.400000      0.400000      0.350000      0.300000      0.300000      0.300000      0.350000      
0.200000      0.150000      0.100000      0.100000      0.100000      0.150000      0.200000      0.200000      
58      8
0.400000      0.400000      0.400000      0.350000      0.300000      0.300000      0.300000      0.350000      
0.300000      0.250000      0.200000      0.200000      0.200000      0.250000      0.300000      0.300000      
59      8
0.400000      0.400000      0.400000      0.350000      0.300000      0.300000      0.300000      0.350000      
0.400000      0.350000      0.300000      0.300000      0.300000      0.350000      0.400000      0.400000      
60      8
0.400000      0.400000      0.400000      0.350000      0.300000      0.300000      0.300000      0.350000      
0.500000      0.450000      0.400000      0.400000      0.400000      0.450000      0.500000      0.500000      
61      8
0.300000      0.300000      0.300000      0.250000      0.200000      0.200000      0.200000      0.250000      
0.100000      0.050000      0.000000      0.000000      0.000000      0.050000      0.100000      0.100000      
62      8
0.300000      0.300000      0.300000      0.250000      0.200000      0.200000      0.200000      0.250000      
0.200000      0.150000      0.100000      0.100000      0.100000      0.150000      0.200000      0.200000      
63      8
0.300000      0.300000      0.300000      0.250000      0.200000      0.200000      0.200000      0.250000      
0.300000      0.250000      0.200000      0.200000      0.200000      0.250000      0.300000      0.300000      
64      8
0.300000      0.300000      0.300000      0.250000      0.200000      0.200000      0.200000      0.250000      
0.400000      0.350000      0.300000      0.300000      0.300000      0.350000      0.400000      0.400000      
65      8
0.300000      0.300000      0.300000      0.250000      0.200000      0.200000      0.200000      0.250000      
0.500000      0.450000      0.400000      0.400000      0.400000      0.450000      0.500000      0.500000      
66      8
0.200000      0.200000      0.200000      0.150000      0.100000      0.100000      0.100000      0.150000      
0.100000      0.050000      0.000000      0.000000      0.000000      0.050000      0.100000      0.100000      
67      8
0.200000      0.200000      0.200000      0.150000      0.100000      0.100000      0.100000      0.150000      
0.200000      0.150000      0.100000      0.100000      0.100000      0.150000      0.200000      0.200000      
68      8
0.200000      0.200000      0.200000      0.150000      0.100000      0.100000      0.100000      0.150000      
0.300000      0.250000      0.200000      0.200000      0.200000      0.250000      0.300000      0.300000      
69      8
0.200000      0.200000      0.200000      0.150000      0.100000      0.100000      0.100000      0.150000      
0.400000      0.350000      0.300000      0.300000      0.300000      0.350000      0.400000      0.400000      
70      8
0.200000      0.200000      0.200000      0.150000      0.100000      0.100000      0.100000      0.150000      
0.500000      0.450000      0.400000      0.400000      0.400000      0.450000      0.500000      0.500000      
71      8
0.100000      0.100000      0.100000      0.050000      0.000000      0.000000      0.000000      0.050000      
0.100000      0.050000      0.000000      0.000000      0.000000      0.050000      0.100000      0.100000      
72      8
0.100000      0.100000      0.100000      0.050000      0.000000      0.000000      0.000000      0.050000      
0.200000      0.150000      0.100000      0.100000      0.100000      0.150000      0.200000      0.200000      
73      8
0.100000      0.100000      0.100000      0.050000      0.000000      0.000000      -0.000000     0.050000      
0.300000      0.250000      0.200000      0.200000      0.200000      0.250000      0.300000      0.300000      
74      8
0.100000      0.100000      0.100000      0.050000      -0.000000     -0.000000     0.000000      0.050000      
0.400000      0.350000      0.300000      0.300000      0.300000      0.350000      0.400000      0.400000      
75      8
0.100000      0.100000      0.100000      0.050000      0.000000      0.000000      0.000000      0.050000      
0.500000      0.450000      0.400000      0.400000      0.400000      0.450000      0.500000      0.500000      
76      8
0.500000      0.500000      0.500000      0.450000      0.400000      0.400000      0.400000      0.450000      
0.000000      -0.050000     -0.100000     -0.100000     -0.100000     -0.050000     0.000000      0.000000      
77      8
0.500000      0.500000      0.500000      0.450000      0.400000      0.400000      0.400000      0.450000      
-0.100000     -0.150000     -0.200000     -0.200000     -0.200000     -0.150000     -0.100000     -0.100000     
78      8
0.500000      0.500000      0.500000      0.450000      0.400000      0.400000      0.400000      0.450000      
-0.200000     -0.250000     -0.300000     -0.300000     -0.300000     -0.250000     -0.200000     -0.200000     
79      8
0.500000      0.500000      0.500000      0.450000      0.400000      0.400000      0.400000      0.450000      
-0.300000     -0.350000     -0.400000     -0.400000     -0.400000     -0.350000     -0.300000     -0.300000     
80      8
0.500000      0.500000      0.500000      0.450000      0.400000      0.400000      0.400000      0.450000      
-0.400000     -0.450000     -0.500000     -0.500000     -0.500000     -0.450000     -0.400000     -0.400000     
81      8
0.400000      0.400000      0.400000      0.350000      0.300000      0.300000      0.300000      0.350000      
0.000000      -0.050000     -0.100000     -0.100000     -0.100000     -0.050000     0.000000      0.000000      
82      8
0.400000      0.400000      0.400000      0.350000      0.300000      0.300000      0.300000      0.350000      
-0.100000     -0.150000     -0.200000     -0.200000     -0.200000     -0.150000     -0.100000     -0.100000     
83      8
0.400000      0.400000      0.400000      0.350000      0.300000      0.300000      0.300000      0.350000      
-0.200000     -0.250000     -0.300000     -0.300000     -0.300000     -0.250000     -0.200000     -0.200000     
84      8
0.400000      0.400000      0.400000      0.350000      0.300000      0.300000      0.300000      0.350000      
-0.300000     -0.350000     -0.400000     -0.400000     -0.400000     -0.350000     -0.300000     -0.300000     
85      8
0.400000      0.400000      0.400000      0.350000      0.300000      0.300000      0.300000      0.350000      
-0.400000     -0.450000     -0.500000     -0.500000     -0.500000     -0.450000     -0.400000     -0.400000     
86      8
0.300000      0.300000      0.300000      0.250000      0.200000      0.200000      0.200000      0.250000      
0.000000      -0.050000     -0.100000     -0.100000     -0.100000     -0.050000     0.000000      0.000000      
87      8
0.300000      0.300000      0.300000      0.250000      0.200000      0.200000      0.200000      0.250000      
-0.100000     -0.150000     -0.200000     -0.200000     -0.200000     -0.150000     -0.100000     -0.100000     
88      8
0.300000      0.300000      0.300000      0.250000      0.200000      0.200000      0.200000      0.250000      
-0.200000     -0.250000     -0.300000     -0.300000     -0.300000     -0.250000     -0.200000     -0.200000     
89      8
0.300000      0.300000      0.300000      0.250000      0.200000      0.200000      0.200000      0.250000      
-0.300000     -0.350000     -0.400000     -0.400000     -0.400000     -0.350000     -0.300000     -0.300000     
90      8
0.300000      0.300000      0.300000      0.250000      0.200000      0.200000      0.200000      0.250000      
-0.400000     -0.450000     -0.500000     -0.500000     -0.500000     -0.450000     -0.400000     -0.400000     
91      8
0.200000      0.200000      0.200000      0.150000      0.100000      0.100000      0.100000      0.150000      
0.000000      -0.050000     -0.100000     -0.100000     -0.100000     -0.050000     0.000000      0.000000      
92      8
0.200000      0.200000      0.200000      0.150000      0.100000      0.100000      0.100000      0.150000      
-0.100000     -0.150000     -0.200000     -0.200000     -0.200000     -0.150000     -0.100000     -0.100000     
93      8
0.200000      0.200000      0.200000      0.150000      0.100000      0.100000      0.100000      0.150000      
-0.200000     -0.250000     -0.300000     -0.300000     -0.300000     -0.250000     -0.200000     -0.200000     
94      8
0.200000      0.200000      0.200000      0.150000      0.100000      0.100000      0.100000      0.150000      
-0.300000     -0.350000     -0.400000     -0.400000     -0.400000     -0.350000     -0.300000     -0.300000     
95      8
0.200000      0.200000      0.200000      0.150000      0.100000      0.100000      0.100000      0.150000      
-0.400000     -0.450000     -0.500000     -0.500000     -0.500000     -0.450000     -0.400000     -0.400000     
96      8
0.100000      0.100000      0.100000      0.050000      0.000000      0.000000      0.000000      0.050000      
0.000000      -0.050000     -0.100000     -0.100000     -0.100000     -0.050000     0.000000      0.000000      
97      8
0.100000      0.100000      0.100000      0.050000      0.000000      0.000000      0.000000      0.050000      
-0.100000     -0.150000     -0.200000     -0.200000     -0.200000     -0.150000     -0.100000     -0.100000     
98      8
0.100000      0.100000      0.100000      0.050000      -0.000000     0.000000      0.000000      0.050000      
-0.200000     -0.250000     -0.300000     -0.300000     -0.300000     -0.250000     -0.200000     -0.200000     
99      8
0.100000      0.100000      0.100000      0.050000      0.000000      -0.000000     -0.000000     0.050000      
-0.300000     -0.350000     -0.400000     -0.400000     -0.400000     -0.350000     -0.300000     -0.300000     
100     8
0.100000      0.100000      0.100000      0.050000      0.000000      0.000000      0.000000      0.050000      
-0.400000     -0.450000     -0.500000     -0.500000     -0.500000     -0.450000     -0.400000     -0.400000     
